Si DZ-ANO
  4
  1  0  0 17  5
   250095.9700000000   0.0000681500  -0.0000182000   0.0000047000  -0.0000049000   0.0000068800
    35803.2000000000   0.0004801700  -0.0001278000   0.0000330500  -0.0000348000   0.0000473500
    10522.4830000000   0.0015962600  -0.0004265000   0.0001106400  -0.0001149000   0.0001652200
     3701.7745000000   0.0054750700  -0.0014618000   0.0003777800  -0.0004007000   0.0005308800
     1399.3933000000   0.0169370600  -0.0045845000   0.0011912000  -0.0012329000   0.0017985200
      548.3889500000   0.0504178400  -0.0138701000   0.0035922800  -0.0038201000   0.0050352300
      219.3626900000   0.1345026700  -0.0391782000   0.0102427300  -0.0106138000   0.0155996000
       88.8822590000   0.2947640100  -0.0963506000   0.0253036400  -0.0270878000   0.0356862000
       36.3233770000   0.4127972600  -0.1817620000   0.0493252100  -0.0512202000   0.0786378100
       14.9334630000   0.2188576000  -0.1452339000   0.0404961600  -0.0466301000   0.0494893100
        6.1663485000   0.0135263100   0.2298980700  -0.0698564000   0.0919014000  -0.1113745000
        2.5545565000   0.0047876100   0.6237984700  -0.2541120000   0.2690132700  -0.5522929000
        1.0609507000  -0.0023509000   0.3154358200  -0.2861133000   0.4607770300  -0.3884090000
        0.4415024000   0.0015770000  -0.0027626000   0.2463941500  -1.0562010000   2.9534782000
        0.1840168000  -0.0009118000   0.0090372200   0.6801918100  -0.7847112000  -2.8556020000
        0.0767962000   0.0004164400  -0.0039062000   0.2896670600   1.2042630000   0.0921528600
        0.0307185000  -0.0001140000   0.0011114400   0.0241482300   0.2967985900   1.0348260000
  2  1  1 12  4
      843.5338200000   0.0007436900  -0.0001574000   0.0001660200  -0.0001925000
      204.9072600000   0.0055201500  -0.0011656000   0.0011978900  -0.0011519000
       72.2487870000   0.0241128700  -0.0051529000   0.0054575000  -0.0064766000
       27.9613650000   0.0888357300  -0.0191723000   0.0196283200  -0.0182754000
       11.2322820000   0.2349425100  -0.0523132000   0.0558657900  -0.0680060000
        4.5969373000   0.3973225000  -0.0900087000   0.0919795600  -0.0775832000
        1.9014833000   0.3618118500  -0.0925012000   0.1150392100  -0.2143299000
        0.7917828000   0.1052477300   0.0387090900  -0.0648366000   0.2557204800
        0.3311662000   0.0025655500   0.3415276900  -0.6831822000   1.0777334000
        0.1389423000   0.0017732900   0.4611056100  -0.1636095000  -1.2446840000
        0.0584257000  -0.0004541000   0.2585592100   0.6175016400  -0.3835503000
        0.0233703000   0.0001788100   0.0756656000   0.4409777500   1.0225198000
  3  2  2  5  2
        2.0105333000   0.0222105100  -0.0019527000
        0.7910981000   0.1035698000   0.1535609200
        0.3112787000   0.5081316400   0.4895933200
        0.1224809000   0.3511753500   0.1138756000
        0.0489924000   0.2507112700  -0.9848990000
  4  3  3  2  1
        0.8000000000   0.7000000000
       0.3000000000   0.4000000000

H (41/1) DZVP-ALLELECTRON DZVP-ALL
  3
  1  0  0  4  1
       50.9991800000   0.0096604760
        7.4832180000   0.0737288600
        1.7774680000   0.2958581000
        0.5193295000   0.7159053000
  2  0  0  1  1
        0.1541100000   1.0000000000
  2  1  1  1  1
        0.7000000000   1.0000000000
C 6-31G*
  4
  1  0  0  6  1
     3047.5248800000   0.0018347371
      457.3695180000   0.0140373228
      103.9486850000   0.0688426222
       29.2101553000   0.2321844430
        9.2866629600   0.4679413480
        3.1639269600   0.3623119850
  2  0  1  3  1  1
        7.8682723500  -0.1193324200   0.0689990666
        1.8812885400  -0.1608541520   0.3164239610
        0.5442492580   1.1434564400   0.7443082910
  3  0  1  1  1  1
        0.1687144782   1.0000000000   1.0000000000
  3  2  2  1  1
        0.8000000000   1.0000000000
